function PIs_re = compute_PI_re_completo_simplified(I2xx,I2xy,I3xx,I2xz,I3xy,I4xx,I3xz,I4xy,I5xx,I4xz,I5xy,I6xx,I5xz,I6xy,I7xx,I6xz,I7xy,I7xz,I2yy,I2yz,I3yy,I3yz,I4yy,I4yz,I5yy,I5yz,I6yy,I6yz,I7yy,I7yz,I1zz,I2zz,I3zz,I4zz,I5zz,I6zz,I7zz,c1x,c2x,c3x,c4x,c5x,c6x,c7x,c1y,c2y,c3y,c4y,c5y,c6y,c7y,c2z,c3z,c4z,c5z,c6z,c7z,m1,m2,m3,m4,m5,m6,m7)
%PROVA_PIS_RE_COMPLETO
%    PI_COMPLETO = PROVA_PIS_RE_COMPLETO(I2XX,I2XY,I3XX,I2XZ,I3XY,I4XX,I3XZ,I4XY,I5XX,I4XZ,I5XY,I6XX,I5XZ,I6XY,I7XX,I6XZ,I7XY,I7XZ,I2YY,I2YZ,I3YY,I3YZ,I4YY,I4YZ,I5YY,I5YZ,I6YY,I6YZ,I7YY,I7YZ,I1ZZ,I2ZZ,I3ZZ,I4ZZ,I5ZZ,I6ZZ,I7ZZ,C1X,C2X,C3X,C4X,C5X,C6X,C7X,C1Y,C2Y,C3Y,C4Y,C5Y,C6Y,C7Y,C2Z,C3Z,C4Z,C5Z,C6Z,C7Z,M1,M2,M3,M4,M5,M6,M7)

%    This function was generated by the Symbolic Math Toolbox version 8.6.
%    27-Jul-2022 14:41:08

t2 = c2x.^2;
t3 = c3x.^2;
t4 = c4x.^2;
t5 = c5x.^2;
t6 = c6x.^2;
t7 = c7x.^2;
t8 = c2y.^2;
t9 = c3y.^2;
t10 = c4y.^2;
t11 = c5y.^2;
t12 = c6y.^2;
t13 = c7y.^2;
t14 = c3z.^2;
t15 = c4z.^2;
t16 = c5z.^2;
t17 = c6z.^2;
t18 = c7z.^2;
t36 = m5.*(3.3e+1./4.0e+2);
t37 = m6.*(3.3e+1./4.0e+2);
t38 = m7.*(3.3e+1./4.0e+2);
t39 = c3z.*m3.*(7.9e+1./1.25e+2);
t40 = c5z.*m5.*(9.6e+1./1.25e+2);
t41 = m7.*7.744e-3;
t42 = m3.*9.9856e-2;
t43 = m4.*6.806250000000001e-3;
t44 = m4.*1.0666225e-1;
t45 = m5.*1.0666225e-1;
t46 = m6.*1.0666225e-1;
t47 = m7.*1.0666225e-1;
t19 = m2.*t2;
t20 = m3.*t3;
t21 = m4.*t4;
t22 = m5.*t5;
t23 = m6.*t6;
t24 = m7.*t7;
t25 = m2.*t8;
t26 = m3.*t9;
t27 = m4.*t10;
t28 = m5.*t11;
t29 = m6.*t12;
t30 = m7.*t13;
t31 = m3.*t14;
t32 = m4.*t15;
t33 = m5.*t16;
t34 = m6.*t17;
t35 = m7.*t18;
PI_completo = [I2yy+I1zz+t19+c1x.^2.*m1+c1y.^2.*m1+c2z.^2.*m2,I2xx-I2yy+I3yy-t19+t20+t25+t31+t39+t42+t44+t45+t46+t47,I2xy-c2x.*c2y.*m2,I2xz-c2x.*c2z.*m2,I2yz-c2y.*c2z.*m2,I3yy+I2zz+t19+t20+t25+t31+t39+t42+t44+t45+t46+t47,c2x.*m2,m3.*(-7.9e+1./2.5e+2)-m4.*(7.9e+1./2.5e+2)-m5.*(7.9e+1./2.5e+2)-m6.*(7.9e+1./2.5e+2)-m7.*(7.9e+1./2.5e+2)+c2y.*m2-c3z.*m3,I3xx-I3yy+I4yy-t20+t21+t26+t32-t43,I3xy+c4z.*m4.*(3.3e+1./4.0e+2)-c3x.*c3y.*m3,I3xz-c3x.*c3z.*m3,I3yz-c3y.*c3z.*m3,I4yy+I3zz+m5.*1.36125e-2+m6.*1.36125e-2+m7.*1.36125e-2+t20+t21+t26+t32+t43,m4.*(3.3e+1./4.0e+2)+t36+t37+t38+c3x.*m3,c3y.*m3-c4z.*m4,I4xx-I4yy+I5yy+m5.*1.4064975e-1+m6.*1.4064975e-1+m7.*1.4064975e-1-t21+t22+t27+t33+t40,I4xy+m5.*3.168e-2+m6.*3.168e-2+m7.*3.168e-2+c5z.*t36-c4x.*c4y.*m4,I4xz-c4x.*c4z.*m4,I4yz-c4y.*c4z.*m4,I5yy+I4zz+m5.*1.5426225e-1+m6.*1.5426225e-1+m7.*1.5426225e-1+t21+t22+t27+t33+t40,-t36-t37-t38+c4x.*m4,m5.*(4.8e+1./1.25e+2)+m6.*(4.8e+1./1.25e+2)+m7.*(4.8e+1./1.25e+2)+c4y.*m4+c5z.*m5,I5xx-I5yy+I6yy-t22+t23+t28+t34+t41,I5xy-c5x.*c5y.*m5,I5xz-c5x.*c5z.*m5,I5yz-c5y.*c5z.*m5,I6yy+I5zz+t22+t23+t28+t34+t41,c5x.*m5,c5y.*m5-c6z.*m6,I6xx-I6yy+I7yy-t23+t24+t29+t35-t41,I6xy+c7z.*m7.*(1.1e+1./1.25e+2)-c6x.*c6y.*m6,I6xz-c6x.*c6z.*m6,I6yz-c6y.*c6z.*m6,I7yy+I6zz+t23+t24+t29+t35+t41,m7.*(1.1e+1./1.25e+2)+c6x.*m6,c6y.*m6-c7z.*m7,I7xx-I7yy-t24+t30,I7xy-c7x.*c7y.*m7,I7xz-c7x.*c7z.*m7,I7yz-c7y.*c7z.*m7,I7zz+t24+t30,c7x.*m7,c7y.*m7];
